00100001110011100000000000000001
00100000000101100000000000000000
00100001001100001111111111111111
00000000000010101001000000100001
00000000000010111001100000100001
00000010000101100100000000101010
00010001000011100000000000000110
10001110010011000000000000000000
10101110011011000000000000000000
00100010010100100000000000000100
00100010011100110000000000000100
00100010110101100000000000000001
00001000000100000000000000011000
00100000000101101111111111111111
00100001001100001111111111111110
00000010000101100100000000101010
00010001000011100000000000010001
00100010110101100000000000000001
00100000000100110000000000000000
00000000000010111001000000100001
00001000000100000000000000101000
00000010000101101000100000100010
00000010001100110100000000101010
00010001000011101111111111110111
10001110010011000000000000000000
10001110010011010000000000000100
00000001101011000100000000101010
00010001000011100000000000000011
00100010010100100000000000000100
00100010011100110000000000000001
00001000000100000000000000101000
10101110010011010000000000000000
10101110010011000000000000000100
00001000000100000000000000101111